Rapport de classification:
               precision    recall  f1-score   support

      balzac       0.99      0.99      0.99       349
    flaubert       0.96      0.94      0.95       378
  maupassant       0.99      0.76      0.86       196
        sand       0.97      0.98      0.98       399
        zola       0.94      0.99      0.97       753

    accuracy                           0.96      2075
   macro avg       0.97      0.93      0.95      2075
weighted avg       0.96      0.96      0.96      2075

Matrice de confusion:
 [[346   0   0   1   2]
 [  0 356   1   3  18]
 [  5  11 149   7  24]
 [  0   1   1 393   4]
 [  0   3   0   1 749]]
Matrice de confusion normalisée:
 [[0.99140401 0.         0.         0.00286533 0.00573066]
 [0.         0.94179894 0.0026455  0.00793651 0.04761905]
 [0.0255102  0.05612245 0.76020408 0.03571429 0.12244898]
 [0.         0.00250627 0.00250627 0.98496241 0.01002506]
 [0.         0.00398406 0.         0.00132802 0.99468792]]
Cohen's Kappa: 0.9476712072620002
Log-loss: 0.3028321789595719
